MAE: 0.009625877253711224
MSE: 0.00014835366164334118
N_test: 3950
R2: 0.9989387392997742
