regions:
- MAE: 0.010917157866060734
  MSE: 0.00014638048014603555
  N: 2119
  R2: 0.9549211263656616
  expert_id: 1
- MAE: 0.003946574404835701
  MSE: 5.325327583705075e-05
  N: 593
  R2: 0.9967373013496399
  expert_id: 2
- MAE: 0.011945217847824097
  MSE: 0.0002353191375732422
  N: 743
  R2: 0.9981210231781006
  expert_id: 3
- MAE: 0.0074204918928444386
  MSE: 0.00014019270020071417
  N: 495
  R2: 0.9975278973579407
  expert_id: 4
